{
 "cells": [
  {
   "cell_type": "markdown",
   "id": "c688c5fa",
   "metadata": {
    "ExecuteTime": {
     "end_time": "2021-08-19T10:45:44.049710Z",
     "start_time": "2021-08-19T10:45:44.047682Z"
    },
    "heading_collapsed": true
   },
   "source": [
    "# 0. Pacotes"
   ]
  },
  {
   "cell_type": "code",
   "execution_count": 112,
   "id": "08d0f366",
   "metadata": {
    "ExecuteTime": {
     "end_time": "2021-08-26T17:52:56.832734Z",
     "start_time": "2021-08-26T17:52:56.734892Z"
    },
    "hidden": true
   },
   "outputs": [],
   "source": [
    "import pandas as pd\n",
    "import plotly.express as px"
   ]
  },
  {
   "cell_type": "markdown",
   "id": "dc1891fa",
   "metadata": {
    "heading_collapsed": true
   },
   "source": [
    "# 1. Carregando a base de dados"
   ]
  },
  {
   "cell_type": "code",
   "execution_count": 4,
   "id": "6b1da79a",
   "metadata": {
    "ExecuteTime": {
     "end_time": "2021-08-25T20:08:02.964801Z",
     "start_time": "2021-08-25T20:08:02.918787Z"
    },
    "hidden": true
   },
   "outputs": [],
   "source": [
    "data = pd.read_csv('datasets/kc_house_data.csv')"
   ]
  },
  {
   "cell_type": "code",
   "execution_count": 5,
   "id": "ee3dfba0",
   "metadata": {
    "ExecuteTime": {
     "end_time": "2021-08-25T20:08:03.835091Z",
     "start_time": "2021-08-25T20:08:03.807300Z"
    },
    "hidden": true
   },
   "outputs": [
    {
     "data": {
      "text/html": [
       "<div>\n",
       "<style scoped>\n",
       "    .dataframe tbody tr th:only-of-type {\n",
       "        vertical-align: middle;\n",
       "    }\n",
       "\n",
       "    .dataframe tbody tr th {\n",
       "        vertical-align: top;\n",
       "    }\n",
       "\n",
       "    .dataframe thead th {\n",
       "        text-align: right;\n",
       "    }\n",
       "</style>\n",
       "<table border=\"1\" class=\"dataframe\">\n",
       "  <thead>\n",
       "    <tr style=\"text-align: right;\">\n",
       "      <th></th>\n",
       "      <th>id</th>\n",
       "      <th>date</th>\n",
       "      <th>price</th>\n",
       "      <th>bedrooms</th>\n",
       "      <th>bathrooms</th>\n",
       "      <th>sqft_living</th>\n",
       "      <th>sqft_lot</th>\n",
       "      <th>floors</th>\n",
       "      <th>waterfront</th>\n",
       "      <th>view</th>\n",
       "      <th>...</th>\n",
       "      <th>grade</th>\n",
       "      <th>sqft_above</th>\n",
       "      <th>sqft_basement</th>\n",
       "      <th>yr_built</th>\n",
       "      <th>yr_renovated</th>\n",
       "      <th>zipcode</th>\n",
       "      <th>lat</th>\n",
       "      <th>long</th>\n",
       "      <th>sqft_living15</th>\n",
       "      <th>sqft_lot15</th>\n",
       "    </tr>\n",
       "  </thead>\n",
       "  <tbody>\n",
       "    <tr>\n",
       "      <th>0</th>\n",
       "      <td>7129300520</td>\n",
       "      <td>20141013T000000</td>\n",
       "      <td>221900.0</td>\n",
       "      <td>3</td>\n",
       "      <td>1.00</td>\n",
       "      <td>1180</td>\n",
       "      <td>5650</td>\n",
       "      <td>1.0</td>\n",
       "      <td>0</td>\n",
       "      <td>0</td>\n",
       "      <td>...</td>\n",
       "      <td>7</td>\n",
       "      <td>1180</td>\n",
       "      <td>0</td>\n",
       "      <td>1955</td>\n",
       "      <td>0</td>\n",
       "      <td>98178</td>\n",
       "      <td>47.5112</td>\n",
       "      <td>-122.257</td>\n",
       "      <td>1340</td>\n",
       "      <td>5650</td>\n",
       "    </tr>\n",
       "    <tr>\n",
       "      <th>1</th>\n",
       "      <td>6414100192</td>\n",
       "      <td>20141209T000000</td>\n",
       "      <td>538000.0</td>\n",
       "      <td>3</td>\n",
       "      <td>2.25</td>\n",
       "      <td>2570</td>\n",
       "      <td>7242</td>\n",
       "      <td>2.0</td>\n",
       "      <td>0</td>\n",
       "      <td>0</td>\n",
       "      <td>...</td>\n",
       "      <td>7</td>\n",
       "      <td>2170</td>\n",
       "      <td>400</td>\n",
       "      <td>1951</td>\n",
       "      <td>1991</td>\n",
       "      <td>98125</td>\n",
       "      <td>47.7210</td>\n",
       "      <td>-122.319</td>\n",
       "      <td>1690</td>\n",
       "      <td>7639</td>\n",
       "    </tr>\n",
       "    <tr>\n",
       "      <th>2</th>\n",
       "      <td>5631500400</td>\n",
       "      <td>20150225T000000</td>\n",
       "      <td>180000.0</td>\n",
       "      <td>2</td>\n",
       "      <td>1.00</td>\n",
       "      <td>770</td>\n",
       "      <td>10000</td>\n",
       "      <td>1.0</td>\n",
       "      <td>0</td>\n",
       "      <td>0</td>\n",
       "      <td>...</td>\n",
       "      <td>6</td>\n",
       "      <td>770</td>\n",
       "      <td>0</td>\n",
       "      <td>1933</td>\n",
       "      <td>0</td>\n",
       "      <td>98028</td>\n",
       "      <td>47.7379</td>\n",
       "      <td>-122.233</td>\n",
       "      <td>2720</td>\n",
       "      <td>8062</td>\n",
       "    </tr>\n",
       "    <tr>\n",
       "      <th>3</th>\n",
       "      <td>2487200875</td>\n",
       "      <td>20141209T000000</td>\n",
       "      <td>604000.0</td>\n",
       "      <td>4</td>\n",
       "      <td>3.00</td>\n",
       "      <td>1960</td>\n",
       "      <td>5000</td>\n",
       "      <td>1.0</td>\n",
       "      <td>0</td>\n",
       "      <td>0</td>\n",
       "      <td>...</td>\n",
       "      <td>7</td>\n",
       "      <td>1050</td>\n",
       "      <td>910</td>\n",
       "      <td>1965</td>\n",
       "      <td>0</td>\n",
       "      <td>98136</td>\n",
       "      <td>47.5208</td>\n",
       "      <td>-122.393</td>\n",
       "      <td>1360</td>\n",
       "      <td>5000</td>\n",
       "    </tr>\n",
       "    <tr>\n",
       "      <th>4</th>\n",
       "      <td>1954400510</td>\n",
       "      <td>20150218T000000</td>\n",
       "      <td>510000.0</td>\n",
       "      <td>3</td>\n",
       "      <td>2.00</td>\n",
       "      <td>1680</td>\n",
       "      <td>8080</td>\n",
       "      <td>1.0</td>\n",
       "      <td>0</td>\n",
       "      <td>0</td>\n",
       "      <td>...</td>\n",
       "      <td>8</td>\n",
       "      <td>1680</td>\n",
       "      <td>0</td>\n",
       "      <td>1987</td>\n",
       "      <td>0</td>\n",
       "      <td>98074</td>\n",
       "      <td>47.6168</td>\n",
       "      <td>-122.045</td>\n",
       "      <td>1800</td>\n",
       "      <td>7503</td>\n",
       "    </tr>\n",
       "  </tbody>\n",
       "</table>\n",
       "<p>5 rows × 21 columns</p>\n",
       "</div>"
      ],
      "text/plain": [
       "           id             date     price  bedrooms  bathrooms  sqft_living  \\\n",
       "0  7129300520  20141013T000000  221900.0         3       1.00         1180   \n",
       "1  6414100192  20141209T000000  538000.0         3       2.25         2570   \n",
       "2  5631500400  20150225T000000  180000.0         2       1.00          770   \n",
       "3  2487200875  20141209T000000  604000.0         4       3.00         1960   \n",
       "4  1954400510  20150218T000000  510000.0         3       2.00         1680   \n",
       "\n",
       "   sqft_lot  floors  waterfront  view  ...  grade  sqft_above  sqft_basement  \\\n",
       "0      5650     1.0           0     0  ...      7        1180              0   \n",
       "1      7242     2.0           0     0  ...      7        2170            400   \n",
       "2     10000     1.0           0     0  ...      6         770              0   \n",
       "3      5000     1.0           0     0  ...      7        1050            910   \n",
       "4      8080     1.0           0     0  ...      8        1680              0   \n",
       "\n",
       "   yr_built  yr_renovated  zipcode      lat     long  sqft_living15  \\\n",
       "0      1955             0    98178  47.5112 -122.257           1340   \n",
       "1      1951          1991    98125  47.7210 -122.319           1690   \n",
       "2      1933             0    98028  47.7379 -122.233           2720   \n",
       "3      1965             0    98136  47.5208 -122.393           1360   \n",
       "4      1987             0    98074  47.6168 -122.045           1800   \n",
       "\n",
       "   sqft_lot15  \n",
       "0        5650  \n",
       "1        7639  \n",
       "2        8062  \n",
       "3        5000  \n",
       "4        7503  \n",
       "\n",
       "[5 rows x 21 columns]"
      ]
     },
     "execution_count": 5,
     "metadata": {},
     "output_type": "execute_result"
    }
   ],
   "source": [
    "data.head()"
   ]
  },
  {
   "cell_type": "markdown",
   "id": "3866bc51",
   "metadata": {
    "heading_collapsed": true,
    "hidden": true
   },
   "source": [
    "## 1.1. Número de linhas e colunas"
   ]
  },
  {
   "cell_type": "code",
   "execution_count": 6,
   "id": "012beae2",
   "metadata": {
    "ExecuteTime": {
     "end_time": "2021-08-25T20:08:05.196801Z",
     "start_time": "2021-08-25T20:08:05.192740Z"
    },
    "hidden": true
   },
   "outputs": [
    {
     "data": {
      "text/plain": [
       "(21613, 21)"
      ]
     },
     "execution_count": 6,
     "metadata": {},
     "output_type": "execute_result"
    }
   ],
   "source": [
    "data.shape"
   ]
  },
  {
   "cell_type": "markdown",
   "id": "c6916860",
   "metadata": {
    "hidden": true
   },
   "source": [
    "- Temos 21.613 linhas e 21 colunas."
   ]
  },
  {
   "cell_type": "markdown",
   "id": "5a774985",
   "metadata": {
    "heading_collapsed": true,
    "hidden": true
   },
   "source": [
    "## 1.2. Nome das colunas"
   ]
  },
  {
   "cell_type": "code",
   "execution_count": 7,
   "id": "66a81fb5",
   "metadata": {
    "ExecuteTime": {
     "end_time": "2021-08-25T20:08:07.615951Z",
     "start_time": "2021-08-25T20:08:07.611386Z"
    },
    "hidden": true
   },
   "outputs": [
    {
     "data": {
      "text/plain": [
       "Index(['id', 'date', 'price', 'bedrooms', 'bathrooms', 'sqft_living',\n",
       "       'sqft_lot', 'floors', 'waterfront', 'view', 'condition', 'grade',\n",
       "       'sqft_above', 'sqft_basement', 'yr_built', 'yr_renovated', 'zipcode',\n",
       "       'lat', 'long', 'sqft_living15', 'sqft_lot15'],\n",
       "      dtype='object')"
      ]
     },
     "execution_count": 7,
     "metadata": {},
     "output_type": "execute_result"
    }
   ],
   "source": [
    "data.columns"
   ]
  },
  {
   "cell_type": "markdown",
   "id": "4746db00",
   "metadata": {
    "hidden": true
   },
   "source": [
    "## 1.3. Ordenando as linhas pela variável `price`"
   ]
  },
  {
   "cell_type": "code",
   "execution_count": 8,
   "id": "6860317b",
   "metadata": {
    "ExecuteTime": {
     "end_time": "2021-08-25T20:08:09.072079Z",
     "start_time": "2021-08-25T20:08:09.040285Z"
    },
    "hidden": true
   },
   "outputs": [
    {
     "data": {
      "text/html": [
       "<div>\n",
       "<style scoped>\n",
       "    .dataframe tbody tr th:only-of-type {\n",
       "        vertical-align: middle;\n",
       "    }\n",
       "\n",
       "    .dataframe tbody tr th {\n",
       "        vertical-align: top;\n",
       "    }\n",
       "\n",
       "    .dataframe thead th {\n",
       "        text-align: right;\n",
       "    }\n",
       "</style>\n",
       "<table border=\"1\" class=\"dataframe\">\n",
       "  <thead>\n",
       "    <tr style=\"text-align: right;\">\n",
       "      <th></th>\n",
       "      <th>id</th>\n",
       "      <th>date</th>\n",
       "      <th>price</th>\n",
       "      <th>bedrooms</th>\n",
       "      <th>bathrooms</th>\n",
       "      <th>sqft_living</th>\n",
       "      <th>sqft_lot</th>\n",
       "      <th>floors</th>\n",
       "      <th>waterfront</th>\n",
       "      <th>view</th>\n",
       "      <th>...</th>\n",
       "      <th>grade</th>\n",
       "      <th>sqft_above</th>\n",
       "      <th>sqft_basement</th>\n",
       "      <th>yr_built</th>\n",
       "      <th>yr_renovated</th>\n",
       "      <th>zipcode</th>\n",
       "      <th>lat</th>\n",
       "      <th>long</th>\n",
       "      <th>sqft_living15</th>\n",
       "      <th>sqft_lot15</th>\n",
       "    </tr>\n",
       "  </thead>\n",
       "  <tbody>\n",
       "    <tr>\n",
       "      <th>1149</th>\n",
       "      <td>3421079032</td>\n",
       "      <td>20150217T000000</td>\n",
       "      <td>75000.0</td>\n",
       "      <td>1</td>\n",
       "      <td>0.00</td>\n",
       "      <td>670</td>\n",
       "      <td>43377</td>\n",
       "      <td>1.0</td>\n",
       "      <td>0</td>\n",
       "      <td>0</td>\n",
       "      <td>...</td>\n",
       "      <td>3</td>\n",
       "      <td>670</td>\n",
       "      <td>0</td>\n",
       "      <td>1966</td>\n",
       "      <td>0</td>\n",
       "      <td>98022</td>\n",
       "      <td>47.2638</td>\n",
       "      <td>-121.906</td>\n",
       "      <td>1160</td>\n",
       "      <td>42882</td>\n",
       "    </tr>\n",
       "    <tr>\n",
       "      <th>15293</th>\n",
       "      <td>40000362</td>\n",
       "      <td>20140506T000000</td>\n",
       "      <td>78000.0</td>\n",
       "      <td>2</td>\n",
       "      <td>1.00</td>\n",
       "      <td>780</td>\n",
       "      <td>16344</td>\n",
       "      <td>1.0</td>\n",
       "      <td>0</td>\n",
       "      <td>0</td>\n",
       "      <td>...</td>\n",
       "      <td>5</td>\n",
       "      <td>780</td>\n",
       "      <td>0</td>\n",
       "      <td>1942</td>\n",
       "      <td>0</td>\n",
       "      <td>98168</td>\n",
       "      <td>47.4739</td>\n",
       "      <td>-122.280</td>\n",
       "      <td>1700</td>\n",
       "      <td>10387</td>\n",
       "    </tr>\n",
       "    <tr>\n",
       "      <th>465</th>\n",
       "      <td>8658300340</td>\n",
       "      <td>20140523T000000</td>\n",
       "      <td>80000.0</td>\n",
       "      <td>1</td>\n",
       "      <td>0.75</td>\n",
       "      <td>430</td>\n",
       "      <td>5050</td>\n",
       "      <td>1.0</td>\n",
       "      <td>0</td>\n",
       "      <td>0</td>\n",
       "      <td>...</td>\n",
       "      <td>4</td>\n",
       "      <td>430</td>\n",
       "      <td>0</td>\n",
       "      <td>1912</td>\n",
       "      <td>0</td>\n",
       "      <td>98014</td>\n",
       "      <td>47.6499</td>\n",
       "      <td>-121.909</td>\n",
       "      <td>1200</td>\n",
       "      <td>7500</td>\n",
       "    </tr>\n",
       "    <tr>\n",
       "      <th>16198</th>\n",
       "      <td>3028200080</td>\n",
       "      <td>20150324T000000</td>\n",
       "      <td>81000.0</td>\n",
       "      <td>2</td>\n",
       "      <td>1.00</td>\n",
       "      <td>730</td>\n",
       "      <td>9975</td>\n",
       "      <td>1.0</td>\n",
       "      <td>0</td>\n",
       "      <td>0</td>\n",
       "      <td>...</td>\n",
       "      <td>5</td>\n",
       "      <td>730</td>\n",
       "      <td>0</td>\n",
       "      <td>1943</td>\n",
       "      <td>0</td>\n",
       "      <td>98168</td>\n",
       "      <td>47.4808</td>\n",
       "      <td>-122.315</td>\n",
       "      <td>860</td>\n",
       "      <td>9000</td>\n",
       "    </tr>\n",
       "    <tr>\n",
       "      <th>8274</th>\n",
       "      <td>3883800011</td>\n",
       "      <td>20141105T000000</td>\n",
       "      <td>82000.0</td>\n",
       "      <td>3</td>\n",
       "      <td>1.00</td>\n",
       "      <td>860</td>\n",
       "      <td>10426</td>\n",
       "      <td>1.0</td>\n",
       "      <td>0</td>\n",
       "      <td>0</td>\n",
       "      <td>...</td>\n",
       "      <td>6</td>\n",
       "      <td>860</td>\n",
       "      <td>0</td>\n",
       "      <td>1954</td>\n",
       "      <td>0</td>\n",
       "      <td>98146</td>\n",
       "      <td>47.4987</td>\n",
       "      <td>-122.341</td>\n",
       "      <td>1140</td>\n",
       "      <td>11250</td>\n",
       "    </tr>\n",
       "    <tr>\n",
       "      <th>...</th>\n",
       "      <td>...</td>\n",
       "      <td>...</td>\n",
       "      <td>...</td>\n",
       "      <td>...</td>\n",
       "      <td>...</td>\n",
       "      <td>...</td>\n",
       "      <td>...</td>\n",
       "      <td>...</td>\n",
       "      <td>...</td>\n",
       "      <td>...</td>\n",
       "      <td>...</td>\n",
       "      <td>...</td>\n",
       "      <td>...</td>\n",
       "      <td>...</td>\n",
       "      <td>...</td>\n",
       "      <td>...</td>\n",
       "      <td>...</td>\n",
       "      <td>...</td>\n",
       "      <td>...</td>\n",
       "      <td>...</td>\n",
       "      <td>...</td>\n",
       "    </tr>\n",
       "    <tr>\n",
       "      <th>1448</th>\n",
       "      <td>8907500070</td>\n",
       "      <td>20150413T000000</td>\n",
       "      <td>5350000.0</td>\n",
       "      <td>5</td>\n",
       "      <td>5.00</td>\n",
       "      <td>8000</td>\n",
       "      <td>23985</td>\n",
       "      <td>2.0</td>\n",
       "      <td>0</td>\n",
       "      <td>4</td>\n",
       "      <td>...</td>\n",
       "      <td>12</td>\n",
       "      <td>6720</td>\n",
       "      <td>1280</td>\n",
       "      <td>2009</td>\n",
       "      <td>0</td>\n",
       "      <td>98004</td>\n",
       "      <td>47.6232</td>\n",
       "      <td>-122.220</td>\n",
       "      <td>4600</td>\n",
       "      <td>21750</td>\n",
       "    </tr>\n",
       "    <tr>\n",
       "      <th>4411</th>\n",
       "      <td>2470100110</td>\n",
       "      <td>20140804T000000</td>\n",
       "      <td>5570000.0</td>\n",
       "      <td>5</td>\n",
       "      <td>5.75</td>\n",
       "      <td>9200</td>\n",
       "      <td>35069</td>\n",
       "      <td>2.0</td>\n",
       "      <td>0</td>\n",
       "      <td>0</td>\n",
       "      <td>...</td>\n",
       "      <td>13</td>\n",
       "      <td>6200</td>\n",
       "      <td>3000</td>\n",
       "      <td>2001</td>\n",
       "      <td>0</td>\n",
       "      <td>98039</td>\n",
       "      <td>47.6289</td>\n",
       "      <td>-122.233</td>\n",
       "      <td>3560</td>\n",
       "      <td>24345</td>\n",
       "    </tr>\n",
       "    <tr>\n",
       "      <th>9254</th>\n",
       "      <td>9208900037</td>\n",
       "      <td>20140919T000000</td>\n",
       "      <td>6885000.0</td>\n",
       "      <td>6</td>\n",
       "      <td>7.75</td>\n",
       "      <td>9890</td>\n",
       "      <td>31374</td>\n",
       "      <td>2.0</td>\n",
       "      <td>0</td>\n",
       "      <td>4</td>\n",
       "      <td>...</td>\n",
       "      <td>13</td>\n",
       "      <td>8860</td>\n",
       "      <td>1030</td>\n",
       "      <td>2001</td>\n",
       "      <td>0</td>\n",
       "      <td>98039</td>\n",
       "      <td>47.6305</td>\n",
       "      <td>-122.240</td>\n",
       "      <td>4540</td>\n",
       "      <td>42730</td>\n",
       "    </tr>\n",
       "    <tr>\n",
       "      <th>3914</th>\n",
       "      <td>9808700762</td>\n",
       "      <td>20140611T000000</td>\n",
       "      <td>7062500.0</td>\n",
       "      <td>5</td>\n",
       "      <td>4.50</td>\n",
       "      <td>10040</td>\n",
       "      <td>37325</td>\n",
       "      <td>2.0</td>\n",
       "      <td>1</td>\n",
       "      <td>2</td>\n",
       "      <td>...</td>\n",
       "      <td>11</td>\n",
       "      <td>7680</td>\n",
       "      <td>2360</td>\n",
       "      <td>1940</td>\n",
       "      <td>2001</td>\n",
       "      <td>98004</td>\n",
       "      <td>47.6500</td>\n",
       "      <td>-122.214</td>\n",
       "      <td>3930</td>\n",
       "      <td>25449</td>\n",
       "    </tr>\n",
       "    <tr>\n",
       "      <th>7252</th>\n",
       "      <td>6762700020</td>\n",
       "      <td>20141013T000000</td>\n",
       "      <td>7700000.0</td>\n",
       "      <td>6</td>\n",
       "      <td>8.00</td>\n",
       "      <td>12050</td>\n",
       "      <td>27600</td>\n",
       "      <td>2.5</td>\n",
       "      <td>0</td>\n",
       "      <td>3</td>\n",
       "      <td>...</td>\n",
       "      <td>13</td>\n",
       "      <td>8570</td>\n",
       "      <td>3480</td>\n",
       "      <td>1910</td>\n",
       "      <td>1987</td>\n",
       "      <td>98102</td>\n",
       "      <td>47.6298</td>\n",
       "      <td>-122.323</td>\n",
       "      <td>3940</td>\n",
       "      <td>8800</td>\n",
       "    </tr>\n",
       "  </tbody>\n",
       "</table>\n",
       "<p>21613 rows × 21 columns</p>\n",
       "</div>"
      ],
      "text/plain": [
       "               id             date      price  bedrooms  bathrooms  \\\n",
       "1149   3421079032  20150217T000000    75000.0         1       0.00   \n",
       "15293    40000362  20140506T000000    78000.0         2       1.00   \n",
       "465    8658300340  20140523T000000    80000.0         1       0.75   \n",
       "16198  3028200080  20150324T000000    81000.0         2       1.00   \n",
       "8274   3883800011  20141105T000000    82000.0         3       1.00   \n",
       "...           ...              ...        ...       ...        ...   \n",
       "1448   8907500070  20150413T000000  5350000.0         5       5.00   \n",
       "4411   2470100110  20140804T000000  5570000.0         5       5.75   \n",
       "9254   9208900037  20140919T000000  6885000.0         6       7.75   \n",
       "3914   9808700762  20140611T000000  7062500.0         5       4.50   \n",
       "7252   6762700020  20141013T000000  7700000.0         6       8.00   \n",
       "\n",
       "       sqft_living  sqft_lot  floors  waterfront  view  ...  grade  \\\n",
       "1149           670     43377     1.0           0     0  ...      3   \n",
       "15293          780     16344     1.0           0     0  ...      5   \n",
       "465            430      5050     1.0           0     0  ...      4   \n",
       "16198          730      9975     1.0           0     0  ...      5   \n",
       "8274           860     10426     1.0           0     0  ...      6   \n",
       "...            ...       ...     ...         ...   ...  ...    ...   \n",
       "1448          8000     23985     2.0           0     4  ...     12   \n",
       "4411          9200     35069     2.0           0     0  ...     13   \n",
       "9254          9890     31374     2.0           0     4  ...     13   \n",
       "3914         10040     37325     2.0           1     2  ...     11   \n",
       "7252         12050     27600     2.5           0     3  ...     13   \n",
       "\n",
       "       sqft_above  sqft_basement  yr_built  yr_renovated  zipcode      lat  \\\n",
       "1149          670              0      1966             0    98022  47.2638   \n",
       "15293         780              0      1942             0    98168  47.4739   \n",
       "465           430              0      1912             0    98014  47.6499   \n",
       "16198         730              0      1943             0    98168  47.4808   \n",
       "8274          860              0      1954             0    98146  47.4987   \n",
       "...           ...            ...       ...           ...      ...      ...   \n",
       "1448         6720           1280      2009             0    98004  47.6232   \n",
       "4411         6200           3000      2001             0    98039  47.6289   \n",
       "9254         8860           1030      2001             0    98039  47.6305   \n",
       "3914         7680           2360      1940          2001    98004  47.6500   \n",
       "7252         8570           3480      1910          1987    98102  47.6298   \n",
       "\n",
       "          long  sqft_living15  sqft_lot15  \n",
       "1149  -121.906           1160       42882  \n",
       "15293 -122.280           1700       10387  \n",
       "465   -121.909           1200        7500  \n",
       "16198 -122.315            860        9000  \n",
       "8274  -122.341           1140       11250  \n",
       "...        ...            ...         ...  \n",
       "1448  -122.220           4600       21750  \n",
       "4411  -122.233           3560       24345  \n",
       "9254  -122.240           4540       42730  \n",
       "3914  -122.214           3930       25449  \n",
       "7252  -122.323           3940        8800  \n",
       "\n",
       "[21613 rows x 21 columns]"
      ]
     },
     "execution_count": 8,
     "metadata": {},
     "output_type": "execute_result"
    }
   ],
   "source": [
    "data.sort_values('price') # ordem crescente"
   ]
  },
  {
   "cell_type": "code",
   "execution_count": 9,
   "id": "9c001fcd",
   "metadata": {
    "ExecuteTime": {
     "end_time": "2021-08-25T20:08:10.241481Z",
     "start_time": "2021-08-25T20:08:10.209728Z"
    },
    "hidden": true
   },
   "outputs": [
    {
     "data": {
      "text/html": [
       "<div>\n",
       "<style scoped>\n",
       "    .dataframe tbody tr th:only-of-type {\n",
       "        vertical-align: middle;\n",
       "    }\n",
       "\n",
       "    .dataframe tbody tr th {\n",
       "        vertical-align: top;\n",
       "    }\n",
       "\n",
       "    .dataframe thead th {\n",
       "        text-align: right;\n",
       "    }\n",
       "</style>\n",
       "<table border=\"1\" class=\"dataframe\">\n",
       "  <thead>\n",
       "    <tr style=\"text-align: right;\">\n",
       "      <th></th>\n",
       "      <th>id</th>\n",
       "      <th>date</th>\n",
       "      <th>price</th>\n",
       "      <th>bedrooms</th>\n",
       "      <th>bathrooms</th>\n",
       "      <th>sqft_living</th>\n",
       "      <th>sqft_lot</th>\n",
       "      <th>floors</th>\n",
       "      <th>waterfront</th>\n",
       "      <th>view</th>\n",
       "      <th>...</th>\n",
       "      <th>grade</th>\n",
       "      <th>sqft_above</th>\n",
       "      <th>sqft_basement</th>\n",
       "      <th>yr_built</th>\n",
       "      <th>yr_renovated</th>\n",
       "      <th>zipcode</th>\n",
       "      <th>lat</th>\n",
       "      <th>long</th>\n",
       "      <th>sqft_living15</th>\n",
       "      <th>sqft_lot15</th>\n",
       "    </tr>\n",
       "  </thead>\n",
       "  <tbody>\n",
       "    <tr>\n",
       "      <th>7252</th>\n",
       "      <td>6762700020</td>\n",
       "      <td>20141013T000000</td>\n",
       "      <td>7700000.0</td>\n",
       "      <td>6</td>\n",
       "      <td>8.00</td>\n",
       "      <td>12050</td>\n",
       "      <td>27600</td>\n",
       "      <td>2.5</td>\n",
       "      <td>0</td>\n",
       "      <td>3</td>\n",
       "      <td>...</td>\n",
       "      <td>13</td>\n",
       "      <td>8570</td>\n",
       "      <td>3480</td>\n",
       "      <td>1910</td>\n",
       "      <td>1987</td>\n",
       "      <td>98102</td>\n",
       "      <td>47.6298</td>\n",
       "      <td>-122.323</td>\n",
       "      <td>3940</td>\n",
       "      <td>8800</td>\n",
       "    </tr>\n",
       "    <tr>\n",
       "      <th>3914</th>\n",
       "      <td>9808700762</td>\n",
       "      <td>20140611T000000</td>\n",
       "      <td>7062500.0</td>\n",
       "      <td>5</td>\n",
       "      <td>4.50</td>\n",
       "      <td>10040</td>\n",
       "      <td>37325</td>\n",
       "      <td>2.0</td>\n",
       "      <td>1</td>\n",
       "      <td>2</td>\n",
       "      <td>...</td>\n",
       "      <td>11</td>\n",
       "      <td>7680</td>\n",
       "      <td>2360</td>\n",
       "      <td>1940</td>\n",
       "      <td>2001</td>\n",
       "      <td>98004</td>\n",
       "      <td>47.6500</td>\n",
       "      <td>-122.214</td>\n",
       "      <td>3930</td>\n",
       "      <td>25449</td>\n",
       "    </tr>\n",
       "    <tr>\n",
       "      <th>9254</th>\n",
       "      <td>9208900037</td>\n",
       "      <td>20140919T000000</td>\n",
       "      <td>6885000.0</td>\n",
       "      <td>6</td>\n",
       "      <td>7.75</td>\n",
       "      <td>9890</td>\n",
       "      <td>31374</td>\n",
       "      <td>2.0</td>\n",
       "      <td>0</td>\n",
       "      <td>4</td>\n",
       "      <td>...</td>\n",
       "      <td>13</td>\n",
       "      <td>8860</td>\n",
       "      <td>1030</td>\n",
       "      <td>2001</td>\n",
       "      <td>0</td>\n",
       "      <td>98039</td>\n",
       "      <td>47.6305</td>\n",
       "      <td>-122.240</td>\n",
       "      <td>4540</td>\n",
       "      <td>42730</td>\n",
       "    </tr>\n",
       "    <tr>\n",
       "      <th>4411</th>\n",
       "      <td>2470100110</td>\n",
       "      <td>20140804T000000</td>\n",
       "      <td>5570000.0</td>\n",
       "      <td>5</td>\n",
       "      <td>5.75</td>\n",
       "      <td>9200</td>\n",
       "      <td>35069</td>\n",
       "      <td>2.0</td>\n",
       "      <td>0</td>\n",
       "      <td>0</td>\n",
       "      <td>...</td>\n",
       "      <td>13</td>\n",
       "      <td>6200</td>\n",
       "      <td>3000</td>\n",
       "      <td>2001</td>\n",
       "      <td>0</td>\n",
       "      <td>98039</td>\n",
       "      <td>47.6289</td>\n",
       "      <td>-122.233</td>\n",
       "      <td>3560</td>\n",
       "      <td>24345</td>\n",
       "    </tr>\n",
       "    <tr>\n",
       "      <th>1448</th>\n",
       "      <td>8907500070</td>\n",
       "      <td>20150413T000000</td>\n",
       "      <td>5350000.0</td>\n",
       "      <td>5</td>\n",
       "      <td>5.00</td>\n",
       "      <td>8000</td>\n",
       "      <td>23985</td>\n",
       "      <td>2.0</td>\n",
       "      <td>0</td>\n",
       "      <td>4</td>\n",
       "      <td>...</td>\n",
       "      <td>12</td>\n",
       "      <td>6720</td>\n",
       "      <td>1280</td>\n",
       "      <td>2009</td>\n",
       "      <td>0</td>\n",
       "      <td>98004</td>\n",
       "      <td>47.6232</td>\n",
       "      <td>-122.220</td>\n",
       "      <td>4600</td>\n",
       "      <td>21750</td>\n",
       "    </tr>\n",
       "    <tr>\n",
       "      <th>...</th>\n",
       "      <td>...</td>\n",
       "      <td>...</td>\n",
       "      <td>...</td>\n",
       "      <td>...</td>\n",
       "      <td>...</td>\n",
       "      <td>...</td>\n",
       "      <td>...</td>\n",
       "      <td>...</td>\n",
       "      <td>...</td>\n",
       "      <td>...</td>\n",
       "      <td>...</td>\n",
       "      <td>...</td>\n",
       "      <td>...</td>\n",
       "      <td>...</td>\n",
       "      <td>...</td>\n",
       "      <td>...</td>\n",
       "      <td>...</td>\n",
       "      <td>...</td>\n",
       "      <td>...</td>\n",
       "      <td>...</td>\n",
       "      <td>...</td>\n",
       "    </tr>\n",
       "    <tr>\n",
       "      <th>8274</th>\n",
       "      <td>3883800011</td>\n",
       "      <td>20141105T000000</td>\n",
       "      <td>82000.0</td>\n",
       "      <td>3</td>\n",
       "      <td>1.00</td>\n",
       "      <td>860</td>\n",
       "      <td>10426</td>\n",
       "      <td>1.0</td>\n",
       "      <td>0</td>\n",
       "      <td>0</td>\n",
       "      <td>...</td>\n",
       "      <td>6</td>\n",
       "      <td>860</td>\n",
       "      <td>0</td>\n",
       "      <td>1954</td>\n",
       "      <td>0</td>\n",
       "      <td>98146</td>\n",
       "      <td>47.4987</td>\n",
       "      <td>-122.341</td>\n",
       "      <td>1140</td>\n",
       "      <td>11250</td>\n",
       "    </tr>\n",
       "    <tr>\n",
       "      <th>16198</th>\n",
       "      <td>3028200080</td>\n",
       "      <td>20150324T000000</td>\n",
       "      <td>81000.0</td>\n",
       "      <td>2</td>\n",
       "      <td>1.00</td>\n",
       "      <td>730</td>\n",
       "      <td>9975</td>\n",
       "      <td>1.0</td>\n",
       "      <td>0</td>\n",
       "      <td>0</td>\n",
       "      <td>...</td>\n",
       "      <td>5</td>\n",
       "      <td>730</td>\n",
       "      <td>0</td>\n",
       "      <td>1943</td>\n",
       "      <td>0</td>\n",
       "      <td>98168</td>\n",
       "      <td>47.4808</td>\n",
       "      <td>-122.315</td>\n",
       "      <td>860</td>\n",
       "      <td>9000</td>\n",
       "    </tr>\n",
       "    <tr>\n",
       "      <th>465</th>\n",
       "      <td>8658300340</td>\n",
       "      <td>20140523T000000</td>\n",
       "      <td>80000.0</td>\n",
       "      <td>1</td>\n",
       "      <td>0.75</td>\n",
       "      <td>430</td>\n",
       "      <td>5050</td>\n",
       "      <td>1.0</td>\n",
       "      <td>0</td>\n",
       "      <td>0</td>\n",
       "      <td>...</td>\n",
       "      <td>4</td>\n",
       "      <td>430</td>\n",
       "      <td>0</td>\n",
       "      <td>1912</td>\n",
       "      <td>0</td>\n",
       "      <td>98014</td>\n",
       "      <td>47.6499</td>\n",
       "      <td>-121.909</td>\n",
       "      <td>1200</td>\n",
       "      <td>7500</td>\n",
       "    </tr>\n",
       "    <tr>\n",
       "      <th>15293</th>\n",
       "      <td>40000362</td>\n",
       "      <td>20140506T000000</td>\n",
       "      <td>78000.0</td>\n",
       "      <td>2</td>\n",
       "      <td>1.00</td>\n",
       "      <td>780</td>\n",
       "      <td>16344</td>\n",
       "      <td>1.0</td>\n",
       "      <td>0</td>\n",
       "      <td>0</td>\n",
       "      <td>...</td>\n",
       "      <td>5</td>\n",
       "      <td>780</td>\n",
       "      <td>0</td>\n",
       "      <td>1942</td>\n",
       "      <td>0</td>\n",
       "      <td>98168</td>\n",
       "      <td>47.4739</td>\n",
       "      <td>-122.280</td>\n",
       "      <td>1700</td>\n",
       "      <td>10387</td>\n",
       "    </tr>\n",
       "    <tr>\n",
       "      <th>1149</th>\n",
       "      <td>3421079032</td>\n",
       "      <td>20150217T000000</td>\n",
       "      <td>75000.0</td>\n",
       "      <td>1</td>\n",
       "      <td>0.00</td>\n",
       "      <td>670</td>\n",
       "      <td>43377</td>\n",
       "      <td>1.0</td>\n",
       "      <td>0</td>\n",
       "      <td>0</td>\n",
       "      <td>...</td>\n",
       "      <td>3</td>\n",
       "      <td>670</td>\n",
       "      <td>0</td>\n",
       "      <td>1966</td>\n",
       "      <td>0</td>\n",
       "      <td>98022</td>\n",
       "      <td>47.2638</td>\n",
       "      <td>-121.906</td>\n",
       "      <td>1160</td>\n",
       "      <td>42882</td>\n",
       "    </tr>\n",
       "  </tbody>\n",
       "</table>\n",
       "<p>21613 rows × 21 columns</p>\n",
       "</div>"
      ],
      "text/plain": [
       "               id             date      price  bedrooms  bathrooms  \\\n",
       "7252   6762700020  20141013T000000  7700000.0         6       8.00   \n",
       "3914   9808700762  20140611T000000  7062500.0         5       4.50   \n",
       "9254   9208900037  20140919T000000  6885000.0         6       7.75   \n",
       "4411   2470100110  20140804T000000  5570000.0         5       5.75   \n",
       "1448   8907500070  20150413T000000  5350000.0         5       5.00   \n",
       "...           ...              ...        ...       ...        ...   \n",
       "8274   3883800011  20141105T000000    82000.0         3       1.00   \n",
       "16198  3028200080  20150324T000000    81000.0         2       1.00   \n",
       "465    8658300340  20140523T000000    80000.0         1       0.75   \n",
       "15293    40000362  20140506T000000    78000.0         2       1.00   \n",
       "1149   3421079032  20150217T000000    75000.0         1       0.00   \n",
       "\n",
       "       sqft_living  sqft_lot  floors  waterfront  view  ...  grade  \\\n",
       "7252         12050     27600     2.5           0     3  ...     13   \n",
       "3914         10040     37325     2.0           1     2  ...     11   \n",
       "9254          9890     31374     2.0           0     4  ...     13   \n",
       "4411          9200     35069     2.0           0     0  ...     13   \n",
       "1448          8000     23985     2.0           0     4  ...     12   \n",
       "...            ...       ...     ...         ...   ...  ...    ...   \n",
       "8274           860     10426     1.0           0     0  ...      6   \n",
       "16198          730      9975     1.0           0     0  ...      5   \n",
       "465            430      5050     1.0           0     0  ...      4   \n",
       "15293          780     16344     1.0           0     0  ...      5   \n",
       "1149           670     43377     1.0           0     0  ...      3   \n",
       "\n",
       "       sqft_above  sqft_basement  yr_built  yr_renovated  zipcode      lat  \\\n",
       "7252         8570           3480      1910          1987    98102  47.6298   \n",
       "3914         7680           2360      1940          2001    98004  47.6500   \n",
       "9254         8860           1030      2001             0    98039  47.6305   \n",
       "4411         6200           3000      2001             0    98039  47.6289   \n",
       "1448         6720           1280      2009             0    98004  47.6232   \n",
       "...           ...            ...       ...           ...      ...      ...   \n",
       "8274          860              0      1954             0    98146  47.4987   \n",
       "16198         730              0      1943             0    98168  47.4808   \n",
       "465           430              0      1912             0    98014  47.6499   \n",
       "15293         780              0      1942             0    98168  47.4739   \n",
       "1149          670              0      1966             0    98022  47.2638   \n",
       "\n",
       "          long  sqft_living15  sqft_lot15  \n",
       "7252  -122.323           3940        8800  \n",
       "3914  -122.214           3930       25449  \n",
       "9254  -122.240           4540       42730  \n",
       "4411  -122.233           3560       24345  \n",
       "1448  -122.220           4600       21750  \n",
       "...        ...            ...         ...  \n",
       "8274  -122.341           1140       11250  \n",
       "16198 -122.315            860        9000  \n",
       "465   -121.909           1200        7500  \n",
       "15293 -122.280           1700       10387  \n",
       "1149  -121.906           1160       42882  \n",
       "\n",
       "[21613 rows x 21 columns]"
      ]
     },
     "execution_count": 9,
     "metadata": {},
     "output_type": "execute_result"
    }
   ],
   "source": [
    "data.sort_values('price', ascending=False) # ordem decrescente"
   ]
  },
  {
   "cell_type": "markdown",
   "id": "5064555b",
   "metadata": {
    "heading_collapsed": true
   },
   "source": [
    "# 2. Respondendo às perguntas"
   ]
  },
  {
   "cell_type": "markdown",
   "id": "1ecad6e3",
   "metadata": {
    "hidden": true
   },
   "source": [
    "## 1. Quantas casas estão disponíveis para compra?\n",
    "\n",
    "21.613 casas.\n",
    "\n"
   ]
  },
  {
   "cell_type": "markdown",
   "id": "42f0c1a3",
   "metadata": {
    "hidden": true
   },
   "source": [
    "## 2. Quantos atributos as casas possuem?\n",
    "\n",
    "Há 21 atributos.\n",
    "\n"
   ]
  },
  {
   "cell_type": "markdown",
   "id": "712b148c",
   "metadata": {
    "hidden": true
   },
   "source": [
    "## 3. Quais são os atributos das casas?\n",
    "\n",
    "- 'id', \n",
    "- 'date', \n",
    "- 'price', \n",
    "- 'bedrooms', \n",
    "- 'bathrooms', \n",
    "- 'sqft_living',\n",
    "- 'sqft_lot', \n",
    "- 'floors', \n",
    "- 'waterfront', \n",
    "- 'view', \n",
    "- 'condition', \n",
    "- 'grade',\n",
